-30.12313 -6.22388 -5.25466 -2.34515 -0.8330200000000001
-30.06603 -22.89378 -4.44306 -1.77755 -0.91651
-27.40747 -7.06843 -3.69051 -1.20995 -1.0
-27.36288 -13.54965 -4.31442 -1.44235 -0.8914150000000001
-27.16768 -7.16364 -6.91414 -1.67475 -0.78283
-27.03004 -5.7682400000000005 -6.69313 -2.6129 -0.74194
-26.66083 -3.71335 -6.15317 -2.16958 -0.17943
-26.36364 -16.22348 -2.99116 -1.679605 -0.5132300000000001
-26.17952 -4.56005 -2.79899 -1.18963 -0.8470300000000001
-25.68269 -7.50385 -9.50673 -1.1 -0.05714
-25.01897 -10.14092 -3.55556 -1.4126 -0.77575
-24.9948 -5.23551 -4.68499 -1.44428 -0.47548
-24.9292 -6.64159 -3.15487 -1.07412 -0.48341000000000006
-24.83054 -6.67505 -2.49255 -1.28305 -0.59777
-24.60705 -11.17949 -3.62821 -0.9362400000000001 -2.57385
-24.2932 -10.00446 -6.34894 -1.73467 -0.84169
-24.26911 -5.71204 -2.96335 -0.9884800000000001 -0.15707000000000002
-24.23708 -4.17477 -5.41489 -1.3588 -0.25
-23.6918 -10.85253 -2.50704 -0.61226 -2.2634600000000002
-23.63711 -4.8273 -5.77713 -1.6522800000000002 -0.8868100000000001
-23.16751 -6.50882 -5.05919 -1.9927800000000002 -0.48556000000000005
-23.1344 -13.39871 -2.8359900000000002 -1.6588033333333334 -0.4114266666666667
-22.81346 -8.596070000000001 -2.3352 -1.3248266666666666 -0.33729333333333333
-22.48856 -5.78947 -3.27574 -0.9908500000000001 -0.26316
-22.41046 -4.33199 -6.84909 -1.78471 -0.20926000000000003
-22.14073 -11.692450000000001 -3.92824 -1.5358800000000001 -0.82759
-22.12967 -3.77407 -3.20432 -0.9017700000000001 -0.79961
-22.05047 -9.44601 -2.28991 -0.9728 -1.48575
-22.0082 -7.86577 -2.54735 -0.8426500000000001 -0.88143
-21.96651 -6.69976 -3.85646 -1.80383 -1.54665
-21.82063 -2.84978 -4.61211 -1.09778 -0.14667000000000002
-21.76575 -11.10501 -2.47011 -1.7463700000000002 -3.0937
-21.52971 -5.61969 -7.59253 -1.73684 -0.28183
-21.47932 -9.58637 -4.0292 -0.9732400000000001 -0.60097
-21.4694 -5.4803 -3.64711 -0.8943800000000001 -0.6982400000000001
-21.12313 -4.56903 -4.9347 -1.46642 -0.44216000000000005
-21.06383 -10.63526 -2.47315 -1.40628 -2.99291
-21.00102 -3.89447 -3.48156 -1.24078 -0.26025000000000004
-20.97633 -9.8115 -1.87236 -0.9602700000000001 -2.44632
-20.96163 -12.49348 -1.84037 -0.9664400000000001 -1.9809800000000002
-20.83486 -10.14985 -4.01376 -1.15 -0.45
-20.78346 -6.30472 -4.81417 -1.20506 -0.2962
-20.69147 -6.8849800000000005 -1.65629 -1.35859 -0.26116
-20.68895 -6.08866 -2.7311 -1.20058 -0.5654100000000001
-20.67629 -9.77617 -4.24308 -1.44043 -1.44404
-20.6558 -3.92754 -5.2699300000000004 -1.60145 -0.24275000000000002
-20.62378 -12.19865 -1.35139 -0.8194100000000001 -1.30399
-20.43738 -6.14825 -5.63996 -2.03223 -0.6620600000000001
-20.41643 -7.94847 -2.51253 -0.9721400000000001 -0.5515300000000001
-20.34073 -3.79578 -5.99001 -1.2513 -0.23057000000000002
-20.26524 -2.74266 -3.7460500000000003 -1.02709 -0.25169
-20.22967 -10.77033 -2.73684 -1.40909 -1.15789
-20.1573 -4.41124 -2.73258 -1.376 -0.26133
-20.1042 -6.97106 -3.6208400000000003 -1.28509 -0.7597700000000001
-20.07766 -13.653880000000001 -2.43912 -0.6666700000000001 -0.61538
-20.07091 -10.11262 -3.13556 -1.0852 -1.53631
-19.99783 -4.95991 -3.11051 -0.74431 -0.32069000000000003
-19.96662 -5.67451 -3.56449 -1.32625 -0.5614600000000001
-19.78393 -5.5942 -1.3307 -0.6982900000000001 -0.5270100000000001
-19.7284 -3.43827 -2.05926 -0.5777800000000001 -0.30000000000000004
-19.68382 -3.66667 -6.17647 -0.8088200000000001 -0.38480000000000003
-19.59595 -5.62473 -4.43603 -1.21109 -0.8603400000000001
-19.54415 -7.23951 -11.19316 -1.90287 -0.4128
-19.42442 -11.34884 -2.4593 -1.555455 -0.277915
-19.26359 -2.974 -7.64894 -1.20804 -0.14303000000000002
-19.2486 -8.50168 -2.01008 -0.81747 -1.04367
-19.24666 -6.59052 -2.26124 -0.8052100000000001 -1.03601
-19.23886 -5.04902 -4.04635 -0.79295 -1.02835
-19.23724 -8.40138 -1.89655 -0.7806900000000001 -1.02069
-19.22574 -3.5526 -9.25536 -1.9009200000000002 -0.25434
-19.20127 -8.94068 -1.72669 -1.2580850000000001 -0.67223
-19.2 -9.26053 -1.77763 -0.6152500000000001 -1.09012
-19.05728 -5.35352 -3.9509 -1.03437 -0.1784
-19.03978 -2.61215 -2.38011 -0.6375700000000001 -0.1105
-19.03448 -10.84124 -3.0352 -0.7363500000000001 -2.16954
-19.03339 -3.83307 -2.12719 -0.92051 -0.10493000000000001
-19.02675 -9.24691 -1.5823 -0.38889 -1.893
-18.95803 -9.53832 -3.70073 -0.77007 -0.72445
-18.90544 -7.83924 -1.24113 -0.75177 -1.24586
-18.89739 -2.95547 -3.75411 -1.23911 -0.12875
-18.88606 -5.85455 -6.10909 -1.89694 -0.17549
-18.85 -4.05538 -3.35462 -1.11615 -0.18769000000000002
-18.84881 -3.01944 -3.8812100000000003 -1.0216 -0.26134
-18.81393 -2.33562 -7.39269 -1.12696 -0.12696000000000002
-18.79075 -4.64185 -3.43182 -1.0674 -0.6073700000000001
-18.77649 -4.37339 -9.93928 -2.31783 -0.10594
-18.74308 -12.94462 -1.82462 -0.63158 -1.10526
-18.71391 -3.51837 -4.77165 -1.7532800000000002 -0.33333
-18.70526 -9.87684 -1.95053 -1.6108633333333335 -0.2806133333333333
-18.64526 -8.79052 -2.01529 -1.4684466666666667 -0.2278966666666667
-18.60427 -3.18041 -4.66052 -1.32603 -0.17518
-18.53314 -3.26413 -6.28947 -1.17544 -0.23002000000000003
-18.51205 -12.07725 -3.08434 -1.216045 -0.40303500000000003
-18.51013 -6.81168 -3.39213 -1.25665 -0.5760500000000001
-18.506 -7.53186 -1.6260400000000002 -0.9676800000000001 -0.38873
-18.40909 -5.89118 -2.24931 -1.33058 -0.8209400000000001
-18.35498 -5.17965 -7.5270600000000005 -1.14429 -0.5429700000000001
-18.336 -4.3870000000000005 -2.097 -0.9580000000000001 -0.265
-18.32563 -11.50867 -2.41811 -0.68401 -0.49326000000000003
-18.30449 -4.07886 -4.01314 -1.41731 -0.43702
-18.27607 -7.3865 -1.41309 -0.59509 -1.73415
-18.24709 -7.08721 -2.06008 -0.7405100000000001 -0.06329
-18.19942 -3.0108 -2.98128 -1.08351 -0.21526
-18.17973 -3.91778 -2.6271500000000003 -0.9464600000000001 -0.28681
-18.17297 -9.51418 -3.30057 -0.52363 -1.68053
-18.16531 -4.09128 -3.49899 -1.55172 -0.5568000000000001
-18.13542 -5.5816 -6.02951 -1.46875 -0.38715000000000005
-18.11111 -6.0551 -2.06233 -0.7994600000000001 -0.5664
-18.10602 -7.51687 -2.54096 -0.9879500000000001 -0.7686700000000001
-18.04966 -6.86711 -3.0094 -1.341495 -0.70821
-18.02837 -4.47754 -8.95745 -1.69504 -0.64775
-18.02299 -2.97701 -3.24713 -1.23276 -0.20546
-17.98265 -3.3449 -3.04184 -0.7295900000000001 -0.27959
-17.92321 -3.63214 -4.81429 -1.28541 -0.32135
-17.91317 -2.0987999999999998 -4.39321 -1.53088 -0.06702000000000001
-17.89639 -3.22651 -3.29639 -1.2481900000000001 -0.2747
-17.85986 -3.27075 -9.13061 -1.47211 -0.23946
-17.85273 -7.33471 -1.71988 -0.35427000000000003 -1.7404700000000002
-17.83242 -10.02873 -3.7243500000000003 -1.27155 -1.3933
-17.81294 -3.90858 -2.95499 -1.12784 -1.734065
-17.7585 -12.67007 -1.50227 -0.9841300000000001 -2.07483
-17.73126 -3.29296 -8.18339 -1.6470600000000002 -0.14879
-17.69346 -4.94259 -2.5361700000000003 -1.456985 -0.23261000000000004
-17.68599 -6.17995 -2.47585 -1.26691 -0.31643000000000004
-17.66667 -7.66525 -1.79291 -0.9744700000000001 -1.59149
-17.64491 -13.63446 -3.79896 -1.14313 -0.9313
-17.62419 -5.08423 -3.01404 -1.12419 -0.6738700000000001
-17.6109 -5.89734 -1.42332 -0.8345300000000001 -0.20144
-17.56 -4.30667 -2.56222 -1.26444 -0.9266700000000001
-17.52574 -7.53484 -3.24337 -1.239725 -0.725935
-17.52184 -7.71669 -3.54983 -1.21501 -0.5252
-17.42578 -8.07031 -2.04818 -0.70301 -0.32895
-17.3871 -8.27047 -1.47395 -0.44444000000000006 -0.37037000000000003
-17.36134 -3.19048 -1.89356 -0.90056 -0.10924
-17.34798 -4.30523 -2.52138 -1.04276 -0.2114
-17.34327 -2.90107 -2.37187 -0.67461 -0.16567
-17.3066 -5.04481 -4.9658 -1.21136 -0.30632000000000004
-17.21591 -9.80492 -3.7594700000000003 -1.74811 -0.44697000000000003
-17.20668 -8.32591 -1.98569 -1.04134 -0.70111
-17.20311 -3.99642 -4.89247 -1.26802 -0.20702
-17.18166 -3.5692 -3.01384 -1.60094 -0.55869
-17.1803 -6.79466 -2.1803 -0.87646 -0.31886000000000003
-17.17397 -3.8232 -2.95615 -0.95898 -0.19378
-17.13861 -10.07811 -1.9549 -0.51705 -1.92189
-17.11532 -12.700520000000001 -2.65232 -0.83904 -1.175065
-17.08751 -4.95333 -2.6651100000000003 -1.16103 -0.42824
-17.08242 -2.69333 -5.57212 -1.9854500000000002 -0.35273000000000004
-17.07757 -8.51671 -1.12888 -0.49403 -2.8114600000000003
-17.05537 -3.09663 -3.39305 -0.77524 -0.14224
-17.05109 -7.9913 -2.60109 -0.9478300000000001 -2.20326
-16.97388 -4.70398 -1.7512400000000001 -0.9291 -0.13184
-16.97017 -9.46449 -1.55824 -1.135525 -0.21999500000000002
-16.96819 -7.8369800000000005 -2.55865 -1.34195 -0.30815000000000003
-16.96247 -9.3641 -1.8286 -0.7647100000000001 -0.28499
-16.95175 -15.61158 -3.29312 -0.38356 -0.32877
-16.91649 -3.16186 -3.34021 -0.8958800000000001 -0.45052000000000003
-16.90655 -4.06463 -4.1738 -0.8890800000000001 -0.20524
-16.84605 -8.71053 -3.20658 -0.9899700000000001 -0.7224100000000001
-16.81741 -4.92833 -1.87201 -0.9573400000000001 -0.8208200000000001
-16.78416 -3.16092 -8.26309 -1.06897 -0.25415000000000004
-16.70515 -3.84725 -2.72647 -0.6518700000000001 -0.24156000000000002
-16.70273 -6.01267 -4.14425 -1.21637 -0.5614
-16.69771 -2.6647600000000002 -3.47994 -1.1048 -0.15721000000000002
-16.67436 -4.88915 -5.29561 -1.34873 -0.41109
-16.66189 -3.68545 -4.59734 -1.71516 -0.06968
-16.63723 -2.52745 -3.2864 -1.0596700000000001 -0.28401000000000004
-16.63113 -8.921570000000001 -1.54902 -0.72672 -1.29412
-16.54067 -2.8724600000000002 -5.87338 -0.89741 -0.08133000000000001
-16.50139 -4.67038 -6.69545 -1.2518 -0.18705000000000002
-16.499 -7.95792 -4.11222 -1.2449 -0.76531
-16.4968 -9.25992 -2.54161 -0.77593 -1.34571
-16.4497 -7.29501 -1.8512300000000002 -1.06086 -0.54945
-16.37242 -4.13355 -3.32248 -0.9295800000000001 -0.15493
-16.36605 -5.34496 -1.20041 -1.3805200000000002 -0.184205
-16.33933 -3.94682 -6.7161 -1.83146 -0.21348000000000003
-16.30207 -3.34759 -4.82483 -1.08962 -0.07075000000000001
-16.23229 -9.514520000000001 -2.23926 -0.8885000000000001 -0.40186000000000005
-16.23067 -4.27307 -3.76933 -0.8139500000000001 -0.21512
-16.21077 -2.59692 -4.11385 -1.21846 -0.29231
-16.19739 -3.2928100000000002 -2.1268 -1.21699 -0.31634
-16.19519 -7.49646 -3.25035 -0.72843 -0.36492
-16.111 -2.16405 -4.53045 -0.8860500000000001 -0.08153
-16.10419 -3.81198 -7.21557 -1.83234 -0.43114
-16.0781 -6.36163 -5.20798 -1.9584000000000001 -0.8039000000000001
-16.06057 -10.992 -2.85371 -0.94366 -0.5493
-16.01606 -3.8848700000000003 -2.69746 -1.17537 -0.41901000000000005
-16.01501 -4.03003 -2.12677 -0.6163500000000001 -0.15013
-16.01043 -6.79826 -1.56522 -0.8208700000000001 -0.51304
-16.00823 -4.34313 -1.89072 -0.6498200000000001 -0.6686300000000001
-15.97719 -10.43684 -1.47193 -0.65217 -0.42029000000000005
-15.95889 -4.86336 -2.05079 -0.71342 -0.16808
-15.9359 -2.15598 -4.19872 -0.78846 -0.22436000000000003
-15.90454 -8.54442 -2.06427 -0.8884700000000001 -1.7277900000000002
-15.88583 -2.9752400000000003 -3.08528 -0.96897 -0.9646000000000001
-15.81802 -4.76325 -2.97527 -1.04947 -0.20141
-15.81668 -2.89598 -2.8105 -0.2 -0.0
-15.78911 -9.08939 -1.55587 -0.63273 -0.08207500000000001
-15.74522 -3.24371 -5.98087 -1.06546 -0.16415000000000002
-15.7392 -4.52608 -2.1386 -0.9344300000000001 -0.13562000000000002
-15.71878 -3.47477 -1.44417 -0.8056200000000001 -0.15136000000000002
-15.70964 -2.59245 -8.3151 -1.54557 -0.09245
-15.68994 -4.35539 -2.94198 -0.9029900000000001 -0.29284000000000004
-15.63908 -6.1069 -2.04023 -0.9092 -0.47816000000000003
-15.63451 -9.42391 -2.11413 -0.97944 -0.7124300000000001
-15.61608 -9.77055 -3.15086 -1.04968 -0.9467000000000001
-15.563790000000001 -1.91981 -4.3633 -1.33945 -0.34338
-15.55541 -4.66102 -3.64146 -1.20469 -0.29465
-15.5285 -9.41321 -1.74611 -0.6904100000000001 -0.6606200000000001
-15.52316 -2.396 -3.5522299999999998 -0.9527700000000001 -0.21435
-15.5103 -6.20242 -2.36364 -0.9927300000000001 -0.5054500000000001
-15.5084 -3.61832 -5.76947 -1.82901 -0.31756
-15.50649 -3.11039 -5.88745 -1.30736 -0.19481
-15.4364 -8.79605 -2.27632 -0.85526 -1.64912
-15.3563 -2.91789 -2.75367 -0.7773800000000001 -0.11849000000000001
-15.33113 -2.98543 -3.71258 -0.6648800000000001 -0.3568650000000001
-15.33095 -6.09167 -1.28214 -0.5523800000000001 -0.5952400000000001
-15.3197 -4.24327 -2.24435 -0.7371800000000001 -0.051280000000000006
-15.22863 -5.05769 -2.6859 -0.9641600000000001 -0.07827
-15.22022 -2.5595600000000003 -6.73546 -1.19114 -0.10526
-15.21926 -8.6853 -1.8899400000000002 -1.51247 -1.06019
-15.17614 -4.46875 -5.0071 -1.59801 -0.44318
-15.17349 -3.89689 -3.473 -1.24497 -0.21812
-15.17158 -9.70912 -2.17158 -0.8900800000000001 -1.49732
-15.15451 -5.49826 -1.95139 -0.71701 -0.29688000000000003
-15.15053 -2.86865 -5.40364 -1.00767 -0.16107000000000002
-15.14933 -3.7552 -2.24969 -0.7611500000000001 -0.1051
-15.12354 -3.87879 -3.06993 -1.29254 -0.36946
-15.07996 -22.45067 -4.25753 -1.2031749999999999 -0.30992000000000003
-15.05918 -3.00152 -3.88619 -1.11381 -0.25038000000000005
-15.0563 -2.25481 -5.09037 -1.12741 -0.13185000000000002
-14.976140000000001 -15.00415 -2.67116 -0.46468000000000004 -2.05576
-14.967130000000001 -7.41719 -1.9077100000000002 -0.7357800000000001 -1.00885
-14.94265 -2.97969 -4.01912 -1.04309 -0.08618
-14.92982 -2.36945 -1.88442 -0.7925700000000001 -0.1517
-14.89785 -2.4879 -2.51075 -0.6828000000000001 -0.15323
-14.88889 -10.459060000000001 -2.3655 -0.8728600000000001 -0.33448
-14.85129 -5.17922 -1.68255 -1.06292 -0.51573
-14.84544 -6.08651 -1.40138 -0.42907000000000006 -1.28143
-14.84353 -5.4964 -7.01259 -2.63129 -0.3705
-14.837530000000001 -4.04298 -2.94759 -1.69811 -0.60797
-14.83295 -8.14531 -1.41533 -1.23316 -0.3967
-14.82603 -10.33376 -1.63402 -0.7682100000000001 -0.18543
-14.7963 -2.83279 -2.02407 -0.76176 -0.4994200000000001
-14.77989 -6.87374 -2.21676 -0.75531 -0.8134100000000001
-14.7715 -5.18846 -2.13545 -0.5381900000000001 -0.20486000000000001
-14.73599 -9.47493 -1.26844 -0.6681400000000001 -1.28614
-14.73354 -2.90965 -6.44564 -1.65544 -0.10260000000000001
-14.72024 -3.61546 -2.90946 -1.65005 -0.30722000000000005
-14.69565 -5.0509 -2.80488 -0.72428 -0.20891
-14.68332 -3.0999 -5.51149 -1.17083 -0.14885
-14.61851 -3.96163 -3.40858 -1.02483 -0.44018
-14.61111 -2.46997 -2.6997 -0.8888900000000001 -0.19369000000000003
-14.60228 -8.40533 -1.62131 -1.1275 -1.2169400000000001
-14.59556 -1.85495 -3.54778 -0.83106 -0.0785
-14.58361 -7.4624 -3.13019 -1.21549 -1.92256
-14.55659 -2.73832 -3.28141 -1.35018 -0.19506
-14.53946 -3.38533 -4.90344 -1.42618 -0.20984000000000003
-14.48417 -9.13408 -1.3532 -0.7566700000000001 -1.46555
-14.4793 -9.12418 -2.2549 -1.14815 -0.64488
-14.46761 -2.61943 -3.06883 -1.0655100000000002 -0.9806900000000001
-14.43282 -6.67628 -1.7980200000000002 -0.9828700000000001 -1.3165
-14.43158 -8.79532 -2.32398 -0.7473700000000001 -0.62924
-14.41125 -5.08 -2.60875 -1.3925 -0.455
-14.40343 -4.08441 -3.73104 -1.2033333333333334 -0.33818333333333334
-14.39628 -9.41363 -2.16738 -1.0141666666666667 -0.22136666666666666
-14.38409 -2.8920500000000002 -6.56477 -0.8250000000000001 -0.10455
-14.37411 -5.75532 -1.41489 -0.81915 -1.39894
-14.33925 -5.69231 -1.61144 -1.04536 -0.5443800000000001
-14.33898 -4.69153 -3.22147 -0.8203400000000001 -0.21243
-14.33275 -7.77583 -3.07005 -0.9229400000000001 -1.5359
-14.32702 -8.88124 -2.75904 -0.83133 -1.2117
-14.32286 -3.45937 -3.82124 -0.7898200000000001 -0.34128000000000003
-14.31804 -2.42768 -4.08942 -1.17807 -0.18818000000000001
-14.31455 -4.62 -1.18727 -0.37636000000000003 -0.85455
-14.28677 -2.9926 -8.49219 -0.7387 -0.08381000000000001
-14.28444 -2.03189 -2.93367 -1.21301 -0.11862
-14.27422 -5.34975 -1.18719 -0.73892 -0.30049000000000003
-14.27273 -2.89941 -4.87013 -0.75481 -0.29621000000000003
-14.2569 -3.24841 -3.10191 -0.7707 -0.29193
-14.21302 -6.80868 -0.97633 -0.60355 -1.73964
-14.21024 -4.31806 -2.5566 -0.7762800000000001 -0.38275000000000003
-14.19638 -4.56957 -2.24203 -1.01594 -1.00725
-14.18327 -9.15671 -2.2656 -0.7915000000000001 -0.38513000000000003
-14.14773 -2.47538 -2.25 -0.9469700000000001 -0.09659000000000001
-14.13215 -3.9112400000000003 -2.55424 -1.5996100000000002 -0.4359
-14.12442 -3.99693 -2.3533 -0.59601 -0.24578000000000003
-14.12273 -3.86273 -4.99909 -1.34273 -0.6136400000000001
-14.10897 -4.97957 -2.27809 -1.32009 -0.24518
-14.10177 -7.15155 -2.96128 -1.13385 -0.6991200000000001
-14.10069 -3.51487 -6.08467 -1.44622 -0.3524
-14.08803 -4.18019 -3.14993 -1.5020600000000002 -0.35076
-14.07895 -7.02126 -4.06073 -1.3046600000000002 -0.81781
-14.0699 -2.78378 -2.54334 -1.14073 -0.25722
-14.01946 -3.68216 -3.95892 -1.37081 -0.31135
-14.00576 -3.1132400000000002 -2.04607 -1.12668 -0.18810000000000002
-14.00566 -5.2265 -2.33635 -1.1325 -0.8516400000000001
-14.00159 -8.2498 -2.17184 -0.6682600000000001 -0.39857000000000004
-14.00132 -7.43709 -2.54967 -2.15254 -0.18079
-13.97074 -2.33842 -2.31807 -1.2112 -0.34987
-13.96919 -5.21951 -5.04365 -2.71117 -0.41463000000000005
-13.95462 -4.88419 -1.65571 -0.79656 -0.5978100000000001
-13.90868 -5.88922 -1.53144 -1.41916 -0.3997
-13.90359 -7.82987 -1.5935700000000002 -1.366075 -0.723875
-13.88182 -7.44416 -2.18182 -1.31299 -1.04805
-13.87412 -6.18222 -3.37412 -0.7535200000000001 -0.27465
-13.87367 -6.01463 -6.24468 -2.21543 -0.27793
-13.84644 -3.11883 -2.93784 -1.02194 -0.25777
-13.84469 -5.2599 -2.46751 -1.11825 -0.20566
-13.82209 -5.59202 -1.7653400000000001 -1.3477999999999999 -0.25890500000000005
-13.80387 -3.00276 -6.08702 -1.57735 -0.31215000000000004
-13.79006 -11.15138 -2.21436 -1.63902 -0.517325
-13.78593 -4.27056 -3.8810700000000002 -1.70069 -0.7225
-13.70624 -9.84211 -1.67442 -1.2252100000000001 -0.9350450000000001
-13.70053 -7.43422 -2.28984 -0.74973 -1.14759
-13.69351 -5.30201 -1.75839 -0.7494400000000001 -0.6979900000000001
-13.67061 -6.8902 -1.17115 -0.7276600000000001 -0.65339
-13.63889 -3.10648 -2.13194 -1.05556 -0.26157
-13.58455 -2.79059 -1.94625 -1.02128 -0.20157000000000003
-13.56808 -2.85759 -5.61346 -1.50704 -0.18623
-13.56537 -3.52768 -2.43345 -0.80683 -0.25913
-13.50382 -4.01374 -5.67634 -1.3633600000000001 -0.2626
-13.50315 -6.99685 -1.71767 -0.51893 -0.7145100000000001
-13.49381 -6.113 -2.09752 -0.8003100000000001 -0.6671800000000001
-13.49337 -5.58818 -1.68094 -0.8746200000000001 -0.25076000000000004
-13.4835 -3.43922 -3.67005 -0.9345950000000001 -0.25242000000000003
-13.46739 -3.46467 -3.2962 -0.9945700000000001 -0.25408000000000003
-13.45557 -4.11586 -6.71766 -2.33408 -0.33746000000000004
-13.44783 -5.47352 -1.82022 -2.051735 -0.437605
-13.44467 -4.57911 -2.70941 -1.76939 -0.5377500000000001
-13.43681 -5.35809 -4.5898 -1.63415 -0.47007000000000004
-13.42149 -3.07438 -2.02479 -1.21536 -1.68479
-13.41815 -10.60854 -1.43772 -0.7965700000000001 -2.8995100000000003
-13.40028 -3.14103 -4.52137 -1.51 -0.31
-13.39749 -3.46128 -6.11731 -1.08542 -0.09226000000000001
-13.37666 -6.14901 -2.20447 -0.67715 -0.25828
-13.36853 -4.14286 -3.04865 -1.57246 -0.44720000000000004
-13.34946 -2.40534 -5.4854 -1.63219 -0.25354000000000004
-13.31521 -4.15576 -2.14009 -0.70323 -0.30968
-13.29969 -8.38606 -3.69823 -0.88241 -0.9282
-13.29454 -4.15202 -2.64608 -0.8471900000000001 -1.5688
-13.27991 -10.51923 -3.39744 -0.8119700000000001 -2.2094
-13.27893 -2.59683 -4.29354 -1.32156 -0.1961
-13.22029 -3.73309 -7.30073 -1.47715 -0.19653
-13.20844 -7.76923 -2.32754 -1.02978 -0.94293
-13.20145 -6.3406 -1.44341 -0.47767000000000004 -0.69367
-13.16419 -7.182 -1.3541 -0.46489 -1.8002
-13.15525 -7.79624 -3.23516 -0.74254 -1.00699
-13.15439 -3.21853 -2.20071 -1.02019 -0.21378000000000003
-13.15281 -2.7677300000000002 -4.87775 -0.8814200000000001 -0.14792000000000002
-13.15232 -4.80684 -1.9547500000000002 -0.9337700000000001 -0.33223
-13.10572 -2.69348 -10.50931 -2.17088 -0.20944000000000002
-13.07819 -5.55761 -0.9012300000000001 -0.56379 -0.37243000000000004
-13.04 -2.94 -2.99667 -1.00778 -0.23111
-13.03093 -2.75876 -6.19175 -1.17113 -0.09691000000000001
-13.02017 -7.34401 -1.13286 -0.49941 -1.57414
-12.96855 -7.32503 -2.80472 -1.41415 -0.6448200000000001
-12.96628 -11.89324 -1.77126 -1.16241 -0.399745
-12.946670000000001 -2.00667 -4.49067 -0.9106700000000001 -0.15467
-12.94286 -4.82637 -1.29231 -0.6022000000000001 -0.51648
-12.94118 -5.17078 -0.54459 -0.29412000000000005 -0.72865
-12.91199 -9.73783 -2.04494 -0.6647900000000001 -0.90356
-12.88838 -5.49827 -3.7802100000000003 -0.7633200000000001 -0.36834000000000006
-12.88599 -2.9837100000000003 -3.6661200000000003 -0.89902 -0.15309
-12.86804 -2.82035 -2.06041 -0.8346600000000001 -0.31320000000000003
-12.84802 -6.24009 -3.29956 -1.13216 -0.79515
-12.84162 -9.95945 -1.25937 -0.82632 -0.84162
-12.838470000000001 -3.06461 -3.4978 -0.6165 -0.14563
-12.82353 -3.18627 -2.12255 -0.64951 -0.42892
-12.81221 -6.6889400000000006 -2.5622100000000003 -1.0564500000000001 -0.7776500000000001
-12.81087 -2.6060600000000003 -5.40752 -1.17032 -0.22466000000000003
-12.76257 -2.5731 -3.40585 -1.14035 -0.17778000000000002
-12.75216 -5.08405 -1.39871 -0.46875000000000006 -1.17026
-12.75034 -1.97286 -5.52646 -1.02985 -0.0882
-12.730080000000001 -8.60925 -1.7107999999999999 -0.69472 -0.41524500000000003
-12.72432 -5.14041 -1.28339 -0.35959 -0.74229
-12.66019 -6.43495 -0.89126 -0.5534 -0.19223
-12.62424 -2.67273 -4.85657 -1.11313 -0.14747000000000002
-12.60173 -6.27247 -8.69231 -1.92955 -0.32351
-12.60035 -7.7323900000000005 -2.13732 -0.5785100000000001 -0.43388000000000004
-12.58035 -4.19653 -2.00462 -0.7724000000000001 -0.29928000000000005
-12.57459 -3.07809 -6.05594 -1.4662 -0.12937
-12.5511 -2.96409 -4.91022 -0.53061 -0.12245
-12.53422 -3.99499 -2.4908200000000003 -1.3389 -0.67947
-12.53293 -6.3006 -2.22994 -0.80359 -0.51856
-12.50462 -2.45843 -3.56236 -1.09815 -0.12240000000000001
-12.49097 -9.07822 -1.43682 -1.1418650000000001 -0.14824
-12.48313 -3.67715 -6.53681 -1.18558 -0.17408
-12.4784 -2.53425 -4.38251 -1.3487900000000002 -0.16965000000000002
-12.46181 -2.82639 -4.69965 -1.02431 -0.19271000000000002
-12.42183 -3.17251 -3.41375 -0.6741900000000001 -0.20968
-12.41022 -6.05736 -2.16085 -1.09352 -0.31920000000000004
-12.39854 -3.32724 -2.86289 -0.67978 -0.10112
-12.37066 -3.16602 -5.9871300000000005 -1.31274 -0.20978000000000002
-12.31836 -6.81506 -1.9009200000000002 -1.17966 -1.14135
-12.30177 -8.34029 -1.73194 -0.53291 -1.0321
-12.29831 -9.91017 -0.8678 -0.6881400000000001 -1.6576300000000002
-12.28732 -6.7831 -1.63803 -0.6507000000000001 -0.30986
-12.28082 -2.41444 -2.59817 -0.7634700000000001 -0.24099000000000004
-12.28023 -2.04267 -2.90754 -0.87624 -0.17212000000000002
-12.27494 -2.82262 -1.4102000000000001 -0.8558800000000001 -0.12860000000000002
-12.25052 -3.4140800000000002 -1.4761900000000001 -1.10145 -0.60248
-12.23391 -3.03925 -5.62009 -1.24254 -0.14207
-12.23239 -2.09859 -3.80986 -1.23005 -0.14554
-12.22113 -5.59582 -1.36609 -0.9081600000000001 -0.16327000000000003
-12.21246 -3.83144 -4.55382 -0.9892150000000001 -0.38974500000000006
-12.2 -3.75135 -3.79279 -1.07027 -0.6162200000000001
-12.19398 -2.83402 -2.87033 -0.6912400000000001 -0.36175
-12.19014 -4.48753 -3.22183 -0.929365 -0.58596
-12.18859 -6.51737 -1.97022 -1.16749 -0.8101700000000001
-12.15337 -10.83231 -1.95092 -0.52761 -0.46217
-12.13598 -6.39802 -2.29887 -0.8923500000000001 -0.67705
-12.12092 -2.15547 -5.17083 -1.1881 -0.33205
-12.1161 -4.23596 -2.19288 -0.8464400000000001 -0.36704000000000003
-12.11587 -8.35744 -0.9325800000000001 -0.6727500000000001 -0.52739
-12.09306 -4.63113 -2.11337 -1.30118 -0.32487000000000005
-12.07932 -4.45257 -1.63142 -0.6858500000000001 -0.3577
-12.04631 -7.52512 -1.28079 -0.77044 -1.08571
-12.02893 -6.10468 -1.26309 -0.47521 -1.40909
-12.01728 -3.15955 -3.26423 -0.8658500000000001 -0.25711
-12.00779 -3.84579 -1.5 -1.1289 -0.28274000000000005
-11.98273 -9.7301 -1.66091 -0.958065 -0.6669
-11.9766 -7.31064 -2.05106 -0.7872300000000001 -1.05106
-11.9626 -3.23252 -3.38699 -1.12358 -0.14146
-11.95988 -6.14562 -2.1679 -1.09807 -0.8306100000000001
-11.94834 -3.04768 -5.23046 -0.91656 -0.07417
-11.9387 -5.8149 -2.07332 -1.44231 -0.8185100000000001
-11.93805 -2.84779 -2.0885 -0.7504400000000001 -0.23186
-11.91816 -1.93812 -1.83633 -0.95808 -0.49701000000000006
-11.91602 -5.96112 -1.53577 -0.8592500000000001 -0.7255100000000001
-11.90285 -6.64154 -1.34841 -0.8043500000000001 -0.48551000000000005
-11.89201 -11.93737 -2.75702 -0.7113400000000001 -0.37113
-11.875 -6.46154 -1.57212 -0.69391 -0.7644200000000001
-11.84322 -3.94633 -2.31215 -0.9293800000000001 -0.57345
-11.833120000000001 -5.4604800000000004 -2.72146 -1.37641 -1.83312
-11.82353 -2.0173 -1.02422 -0.5519000000000001 -0.19896000000000003
-11.82018 -5.76754 -0.8742700000000001 -0.48099000000000003 -0.46199
-11.81481 -8.22399 -3.12257 -1.1358 -1.4382700000000002
-11.79694 -2.1975 -2.36161 -1.4723799999999998 -0.8028600000000001
-11.75603 -4.82038 -6.9933 -1.80896 -0.16745000000000002
-11.7554 -3.02638 -1.7793800000000002 -0.74341 -0.38129
-11.73698 -6.6237 -3.58073 -0.7617200000000001 -0.64193
-11.73323 -5.51118 -1.24121 -0.46326000000000006 -0.8466500000000001
-11.71 -6.69333 -2.84 -0.9483300000000001 -0.535
-11.6991 -2.28553 -4.42894 -1.1178 -0.20359000000000002
-11.69898 -2.41644 -1.7627000000000002 -0.90951 -0.21976
-11.67697 -6.90832 -1.28252 -0.54051 -1.05437
-11.6769 -5.19134 -3.36823 -0.9241900000000001 -0.7202200000000001
-11.67601 -4.25 -7.75448 -0.8632600000000001 -1.0426700000000002
-11.66977 -7.3 -1.05814 -0.8023300000000001 -1.3651200000000001
-11.661200000000001 -3.08607 -3.04918 -0.55274 -0.12658
-11.64915 -7.22712 -1.57966 -0.46604000000000007 -0.45199000000000006
-11.61873 -8.59319 -1.37086 -0.609295 -0.31842500000000007
-11.61863 -2.62445 -1.3915600000000001 -0.75255 -0.18486000000000002
-11.60581 -1.7717800000000001 -6.39627 -1.22199 -0.06017000000000001
-11.60327 -2.3789 -4.46657 -1.56464 -0.28529000000000004
-11.60091 -1.7890700000000002 -8.06373 -1.4115600000000001 -0.12245
-11.59574 -4.20213 -3.68676 -0.9657200000000001 -0.34279000000000004
-11.59199 -7.41691 -1.36944 -0.7181000000000001 -0.43917000000000006
-11.58551 -3.06812 -1.47681 -0.8434800000000001 -0.22754000000000002
-11.577020000000001 -2.43434 -2.87879 -0.53403 -0.06806000000000001
-11.55787 -7.3852 -0.5882400000000001 -0.42505000000000004 -2.47059
-11.5576 -3.05991 -1.96774 -0.48848 -0.19508
-11.53589 -7.7057400000000005 -1.17225 -0.31818 -1.57177
-11.52244 -4.38248 -2.28419 -0.75534 -0.33868000000000004
-11.5219 -7.01333 -2.7218999999999998 -0.38095 -0.14966000000000002
-11.51292 -5.49871 -2.43928 -1.35659 -1.2687300000000001
-11.5 -6.16803 -2.01639 -0.47131000000000006 -0.53074
-11.49918 -1.8858100000000002 -1.90375 -0.43719 -0.06362000000000001
-11.49624 -5.06165 -1.36391 -0.7473700000000001 -0.16842000000000001
-11.481770000000001 -2.6564300000000003 -4.02975 -1.08733 -0.12668000000000001
-11.4733 -4.10073 -1.54369 -0.7390800000000001 -0.36408
-11.47097 -3.29892 -1.9311800000000001 -0.6860200000000001 -0.36129000000000006
-11.45683 -7.4819700000000005 -1.47104 -0.9617500000000001 -0.8677600000000001
-11.4557 -4.71308 -3.47046 -1.1060050000000001 -0.62236
-11.43979 -4.46597 -2.88482 -1.25026 -0.37696
-11.42875 -7.51301 -1.3259 -0.6468400000000001 -1.9591100000000001
-11.36888 -4.53536 -2.72035 -1.05876 -0.43852
-11.35854 -1.7717100000000001 -5.18487 -1.10784 -0.06303
-11.35021 -1.90084 -5.23207 -0.9957800000000001 -0.07173
-11.33819 -3.3729 -4.80739 -1.03695 -0.11758
-11.33547 -5.80769 -2.85256 -0.9316200000000001 -0.21581000000000003
-11.32609 -3.19203 -3.27536 -0.9184800000000001 -0.30254000000000003
-11.2765 -8.04728 -4.24355 -0.9221033333333334 -0.3461666666666667
-11.26217 -2.72063 -2.63296 -0.9257266666666668 -0.3897933333333334
-11.25815 -4.12092 -1.3288 -0.9293500000000001 -0.43342
-11.24667 -4.08948 -3.6179 -1.88029 -0.47400000000000003
-11.20276 -7.14171 -2.8456200000000003 -0.7361800000000001 -0.68203
-11.19749 -6.66249 -1.36364 -0.8255 -0.8861
-11.19712 -5.875 -1.1105800000000001 -0.78335 -0.66048
-11.1919 -4.94366 -1.87148 -0.7412000000000001 -0.43486
-11.18182 -3.10256 -5.81585 -1.15618 -0.12821000000000002
-11.17599 -3.27694 -1.68349 -0.7899 -0.31378
-11.16735 -7.59456 -1.25306 -0.43810000000000004 -1.26667
-11.15536 -8.10558 -2.2103 -0.9811200000000001 -0.97511
-11.14023 -7.74713 -1.45287 -0.5042500000000001 -0.91785
-11.13198 -2.54188 -5.50635 -1.4632 -0.11294000000000001
-11.12774 -3.87226 -1.18248 -0.5620400000000001 -0.31752
-11.11513 -2.58059 -3.66283 -1.31579 -0.33717
-11.10069 -9.57895 -2.97025 -1.07456 -0.19275
-11.08667 -2.54333 -6.46833 -0.83333 -0.048330000000000005
-11.08451 -2.8278600000000003 -6.54147 -1.2785600000000001 -0.17371
-11.08358 -4.25959 -2.36676 -0.5614600000000001 -0.49164
-11.07629 -2.80472 -6.7139 -2.09809 -0.26703000000000005
-11.06208 -2.92239 -3.22173 -1.6202100000000002 -0.16031500000000004
-11.061 -2.4695 -5.53974 -1.14233 -0.0536
-11.05517 -3.98295 -2.84052 -0.75226 -0.2999
-11.05479 -2.85928 -4.48194 -0.8044800000000001 -0.12827000000000002
-11.03426 -3.14561 -2.6680900000000003 -1.26767 -0.29764
-11.03044 -6.76212 -1.79481 -0.8410400000000001 -1.6414900000000001
-11.02809 -4.59176 -1.16667 -0.46067 -0.48502000000000006
-11.01456 -2.33981 -2.9546900000000003 -0.8786400000000001 -0.06796
-11.01307 -2.18562 -5.92941 -1.02614 -0.09935000000000001
-10.99223 -2.18809 -1.4564300000000001 -0.9180300000000001 -0.21225000000000002
-10.9898 -2.0625 -2.16071 -0.8443900000000001 -0.14413
-10.98305 -6.20823 -1.06538 -0.7748200000000001 -0.8595600000000001
-10.98225 -8.07402 -1.77751 -1.2554500000000002 -0.5447900000000001
-10.97579 -2.54237 -5.77482 -1.73608 -0.23002000000000003
-10.95833 -2.37202 -1.85565 -0.58333 -0.16667
-10.95624 -4.68196 -2.40555 -1.14408 -0.6520800000000001
-10.95582 -4.7443100000000005 -1.58233 -1.2275800000000001 -0.72289
-10.95316 -7.11139 -1.13418 -0.68861 -0.6000000000000001
-10.94819 -8.87284 -0.7033 -0.7116500000000001 -0.43832000000000004
-10.94785 -8.25283 -3.35941 -0.7346900000000001 -0.27664
-10.93972 -4.84853 -8.71097 -1.83617 -0.13138000000000002
-10.93891 -6.8506800000000005 -1.73982 -1.41924 -0.32608500000000007
-10.93303 -4.48152 -1.98845 -1.00231 -0.5207900000000001
-10.92053 -2.73675 -2.66391 -1.36589 -0.32616
-10.91468 -2.9306 -4.82935 -1.1058 -0.27645000000000003
-10.88845 -7.52446 -2.10372 -0.51468 -1.77886
-10.88799 -2.81818 -4.23377 -0.6996800000000001 -0.0763
-10.88155 -6.3835 -0.9805800000000001 -0.58835 -0.84272
-10.86917 -5.3203 -1.28872 -0.86316 -0.13383
-10.85666 -6.61928 -1.96758 -1.336095 -0.27004000000000006
-10.85301 -3.03819 -5.65856 -1.80903 -0.40625000000000006
-10.8458 -2.21995 -1.678 -0.5646300000000001 -0.07029
-10.83848 -5.90653 -1.6842100000000002 -0.549 -1.45644
-10.83636 -2.8490900000000003 -3.5454499999999998 -0.80063 -1.0286733333333333
-10.83186 -3.71327 -2.79469 -1.05226 -0.6009066666666667
-10.81661 -3.76298 -3.8494800000000002 -1.30389 -0.17314000000000002
-10.81522 -4.28656 -2.61265 -0.56423 -0.22628
-10.80117 -4.93762 -0.69201 -0.42105000000000004 -0.39571
-10.79675 -13.99289 -3.88415 -1.06261 -0.6209800000000001
-10.79356 -2.24158 -2.89458 -0.72182 -0.30893000000000004
-10.78189 -7.8299 -1.4924600000000001 -0.6556900000000001 -0.40329000000000004
-10.77415 -3.375 -2.00142 -1.03409 -0.42188000000000003
-10.75536 -3.13948 -2.60515 -0.96641 -0.30658
-10.72855 -3.49226 -1.53305 -0.89873 -0.19128
-10.72306 -2.3178900000000002 -6.95474 -1.3717700000000002 -0.07866000000000001
-10.71341 -4.15562 -1.77196 -1.15716 -0.38367
-10.701270000000001 -5.1589 -3.75212 -0.8283900000000001 -0.22458000000000003
-10.69708 -1.81204 -3.24818 -0.5985400000000001 -0.14234000000000002
-10.671 -7.83117 -1.07792 -0.655605 -0.263985
-10.63516 -5.95841 -1.08318 -0.71267 -0.38563000000000003
-10.62651 -3.48193 -1.4337300000000002 -0.7078300000000001 -0.13554000000000002
-10.61769 -9.17876 -2.76303 -0.9627300000000001 -0.18691500000000003
-10.61626 -5.28463 -1.77001 -1.21763 -0.23829000000000003
-10.58564 -3.86464 -5.13122 -1.37707 -0.59116
-10.5826 -5.42773 -1.31416 -0.58555 -0.43658
-10.58 -5.188 -1.00933 -0.562255 -0.542965
-10.55297 -8.57494 -1.42765 -0.53896 -0.6493500000000001
-10.53553 -5.21574 -1.2982200000000002 -0.7677700000000001 -0.5050800000000001
-10.53502 -4.46498 -1.19455 -0.41829000000000005 -0.44358000000000003
-10.49339 -7.43651 -1.2209 -0.60185 -0.74206
-10.48985 -2.29695 -5.85152 -1.18401 -0.07614
-10.47448 -6.06616 -1.0586 -1.06427 -0.15879000000000001
-10.47176 -1.89294 -3.33765 -0.8705900000000001 -0.05412
-10.42495 -11.25316 -1.09946 -0.6244200000000001 -0.923975
-10.39773 -6.54383 -1.40747 -0.37825000000000003 -1.79383
-10.37805 -4.60213 -0.83689 -0.5015200000000001 -0.5320100000000001
-10.34962 -5.85824 -1.14847 -0.6724100000000001 -1.53448
-10.34948 -4.93067 -1.44919 -0.27542 -0.14831000000000003
-10.34253 -4.73149 -2.10289 -1.48306 -0.32873
-10.33143 -5.34429 -0.6585700000000001 -0.66286 -0.53571
-10.31711 -7.86074 -0.9714800000000001 -0.5 -1.24161
-10.31579 -8.94582 -2.28173 -0.6548 -1.6192000000000002
-10.28244 -9.66766 -3.74651 -1.31275 -1.52431
-10.26521 -3.90754 -4.76399 -1.0439850000000002 -0.856665
-10.25798 -4.68199 -1.4533800000000001 -0.77522 -0.18902000000000002
-10.25585 -5.49783 -1.8508200000000001 -1.24805 -0.6929700000000001
-10.24058 -7.94289 -1.9611200000000002 -0.70838 -0.8979300000000001
-10.2 -5.35294 -0.7392200000000001 -0.32157 -0.3451
-10.18379 -4.20751 -4.28656 -0.6206 -0.94293
-10.1814 -5.36739 -1.19288 -0.9196300000000001 -1.5407600000000001
-10.1752 -2.43127 -3.96361 -0.7272700000000001 -0.06818
-10.14676 -3.38396 -2.01024 -1.01365 -0.22184
-10.13643 -7.08418 -0.9463 -0.7402000000000001 -0.33091000000000004
-10.13264 -2.81818 -4.77198 -1.21162 -0.15648
-10.12874 -5.05977 -2.9011500000000003 -1.30115 -0.42299000000000003
-10.1194 -4.17164 -3.4235100000000003 -1.25187 -0.26306
-10.11702 -5.3617 -1.41489 -0.8723400000000001 -0.8120600000000001
-10.11532 -2.2965400000000002 -3.20758 -0.35294000000000003 -0.0
-10.11499 -4.59754 -1.46201 -0.72074 -0.16016000000000002
-10.11429 -6.90323 -1.94066 -0.605485 -0.896245
-10.10657 -6.07993 -1.07638 -0.49023000000000005 -1.63233
-10.10538 -4.91031 -1.88341 -0.86099 -1.10987
-10.0748 -2.4822800000000003 -4.8563 -1.63386 -0.13583
-10.06379 -4.83333 -1.9526700000000001 -1.342285 -0.227145
-10.05071 -3.21501 -1.65517 -1.05071 -0.31846
-10.04816 -6.73796 -1.4915 -0.71867 -0.5005200000000001
-10.04773 -5.39618 -0.8257800000000001 -0.38663000000000003 -0.6825800000000001
-10.01218 -7.48062 -1.12625 -0.47619000000000006 -0.9845
-10.00735 -8.21507 -2.51287 -0.6785850000000001 -0.68719
-9.98906 -4.66484 -1.8933 -0.8809800000000001 -0.38988
-9.986 -2.4939999999999998 -1.002 -0.538 -0.302
-9.97647 -3.07059 -3.69804 -1.60532 -0.27938
-9.97619 -3.11905 -1.83644 -0.7153200000000001 -0.34265
-9.93742 -4.38825 -1.5568300000000002 -0.7650100000000001 -0.54662
-9.91646 -2.14005 -5.33415 -1.1326800000000001 -0.13514
-9.91236 -2.8638500000000002 -2.38498 -0.81915 -0.12411000000000001
-9.91218 -2.78754 -1.7110500000000002 -0.6855500000000001 -0.18414000000000003
-9.90909 -2.58021 -6.45455 -0.8850300000000001 -0.0869
-9.90421 -8.83716 -1.56705 -1.1184 -0.20938
-9.89159 -4.07301 -2.11062 -1.3517700000000001 -0.33186000000000004
-9.89117 -2.06571 -2.2505100000000002 -0.82957 -0.20534000000000002
-9.86854 -2.8568100000000003 -3.34977 -0.83225 -0.134965
-9.86364 -2.16507 -1.1004800000000001 -0.8349300000000001 -0.06459000000000001
-9.86063 -1.70402 -3.44253 -0.6681 -0.05172
-9.85646 -1.9617200000000001 -3.49761 -0.91866 -0.30383000000000004
-9.85378 -2.22521 -3.48739 -0.76975 -0.06387000000000001
-9.84832 -3.39528 -4.24161 -1.05603 -0.17536000000000002
-9.82409 -2.98732 -1.66403 -1.34231 -0.28685000000000005
-9.81748 -2.29903 -0.91068 -0.56893 -0.14175000000000001
-9.80757 -1.79706 -3.79916 -1.19664 -0.14301
-9.80686 -10.33361 -1.03679 -0.41304 -2.75
-9.7992 -1.76841 -3.31861 -0.71352 -0.06292
-9.79766 -6.15013 -1.57191 -0.694965 -0.06069000000000001
-9.77673 -1.91981 -2.08962 -0.6764100000000001 -0.058460000000000005
-9.75868 -1.8125 -3.97569 -0.61111 -0.041670000000000006
-9.74517 -3.72056 -1.49912 -0.7996500000000001 -0.28647
-9.72715 -3.10861 -2.57616 -0.9324500000000001 -0.09007000000000001
-9.71759 -2.92824 -3.56481 -1.07639 -0.41435000000000005
-9.70992 -8.31011 -1.3406500000000001 -0.7604200000000001 -0.78646
-9.69407 -2.58283 -2.36518 -0.9371200000000001 -0.16687000000000002
-9.69315 -2.38318 -1.19315 -0.7554500000000001 -0.29751
-9.6904 -4.29636 -1.8410600000000001 -1.34437 -0.37417000000000006
-9.68565 -9.52028 -2.50936 -1.05382 -0.29953
-9.64867 -7.41236 -1.09546 -0.8082900000000001 -0.42723000000000005
-9.64086 -3.78172 -2.84839 -1.03978 -0.38172
-9.63657 -3.82948 -7.97377 -1.24074 -0.09028000000000001
-9.62218 -5.65038 -0.87782 -0.39474000000000004 -0.9097700000000001
-9.61794 -2.59801 -1.5714299999999999 -1.01329 -0.27243
-9.58136 -2.47041 -1.91124 -0.6789900000000001 -0.27959
-9.56987 -6.32969 -1.12009 -0.60304 -0.26498
-9.5593 -5.60029 -1.18155 -0.5270900000000001 -0.25037000000000004
-9.55385 -2.13846 -1.2096200000000001 -0.7134600000000001 -0.09423000000000001
-9.54857 -1.66286 -4.77 -1.32714 -0.17143000000000003
-9.54446 -2.20327 -3.98911 -1.14519 -0.08893000000000001
-9.5375 -8.83125 -1.8875000000000002 -1.18438 -0.9093800000000001
-9.51901 -9.77698 -1.8879800000000002 -0.9938300000000001 -2.39568
-9.51658 -2.00524 -1.63525 -0.58115 -0.06108
-9.51498 -6.81461 -0.8408200000000001 -0.5131100000000001 -0.57865
-9.511 -5.26734 -0.7343500000000001 -1.109495 -0.455175
-9.5098 -2.13725 -3.6732 -1.70588 -0.3317
-9.48953 -6.13559 -1.7108700000000001 -1.19541 -0.36491
-9.48606 -3.16364 -1.69455 -0.7987900000000001 -0.24
-9.48228 -2.24499 -2.00308 -0.7241900000000001 -0.27119000000000004
-9.48101 -6.68776 -1.45781 -0.61814 -1.5865
-9.46606 -4.50131 -2.59922 -0.9288700000000001 -0.18828
-9.41618 -5.20578 -2.53179 -0.6624300000000001 -0.27168000000000003
-9.40494 -4.02471 -0.76046 -0.41445000000000004 -0.29278000000000004
-9.40385 -2.9769200000000002 -7.43462 -1.9557700000000002 -0.22308000000000003
-9.40325 -8.5568 -0.80774 -0.7665400000000001 -0.47316
-9.39553 -9.85407 -2.05104 -0.62587 -0.24126000000000003
-9.39462 -6.26457 -1.34753 -0.69955 -1.32511
-9.39139 -2.80431 -4.73777 -1.31898 -0.15656
-9.38264 -3.1487 -3.7636700000000003 -1.3719649999999999 -0.10523500000000001
-9.37632 -1.92283 -5.51903 -1.42495 -0.053910000000000007
-9.36806 -2.03125 -4.36458 -0.6441 -0.05382000000000001
-9.36615 -2.29846 -4.82462 -1.16923 -0.11692000000000001
-9.34724 -7.43607 -1.6164200000000002 -0.51361 -0.26871
-9.3253 -2.26145 -4.47349 -0.98072 -0.19398
-9.31034 -4.69923 -1.6705 -0.5961500000000001 -0.13462000000000002
-9.30702 -3.04825 -3.17105 -1.04715 -0.27741000000000005
-9.29747 -6.86867 -1.54272 -0.83386 -0.43671000000000004
-9.29686 -3.42857 -1.1003 -0.36575 -0.9371800000000001
-9.29651 -1.88178 -3.52326 -0.5952400000000001 -0.03175
-9.29256 -3.37521 -3.61818 -1.27296 -0.09184
-9.28746 -9.41289 -2.98606 -0.83972 -1.4007
-9.2648 -2.90838 -2.43911 -0.84469 -0.26704
-9.23489 -4.84753 -1.04533 -0.5508200000000001 -0.6675800000000001
-9.22319 -4.09628 -0.46171000000000006 -0.44957 -0.6109500000000001
-9.21159 -3.01511 -3.42443 -1.6 -0.26667
-9.20316 -8.34714 -1.37081 -0.7948700000000001 -1.08481
-9.19841 -4.26984 -3.2837300000000003 -1.0718400000000001 -0.60074
-9.18095 -2.70119 -4.04048 -1.34881 -0.11667000000000001
-9.17682 -6.33006 -0.99411 -0.52652 -1.26719
-9.16995 -4.73803 -1.7784 -1.15305 -0.25352
-9.164860000000001 -5.72101 -0.7029000000000001 -0.55435 -0.6286200000000001
-9.15564 -6.34347 -1.4418600000000001 -0.6771750000000001 -0.5638150000000001
-9.14257 -3.48515 -1.6950500000000002 -0.8 -0.49901000000000006
-9.1284 -2.3476 -3.22179 -0.7470800000000001 -0.08431000000000001
-9.11672 -5.27287 -1.42902 -0.922075 -0.32432
-9.11061 -2.97291 -2.04063 -1.09707 -0.56433
-9.10699 -4.40257 -5.36234 -1.0497800000000002 -0.6752
-9.0995 -3.43035 -1.58458 -1.00249 -0.78607
-9.09541 -2.4789 -1.8789 -0.82018 -0.14128000000000002
-9.0819 -5.625 -1.76078 -0.93103 -0.61207
-9.07059 -5.70735 -1.76912 -0.8897100000000001 -0.8617600000000001
-9.06478 -3.18623 -2.28543 -0.8886600000000001 -0.17206000000000002
-9.06336 -7.72176 -1.52525 -0.83747 -1.02479
-9.04565 -2.47826 -4.08043 -1.19348 -0.23696000000000003
-9.04492 -8.32624 -1.39716 -0.5660400000000001 -0.50314
-9.04047 -3.05744 -2.3094 -0.7741500000000001 -0.24804
-9.03947 -2.09928 -5.01435 -0.99043 -0.12321000000000001
-9.02759 -2.46207 -3.81897 -1.5017200000000002 -0.15345
-9.02376 -8.0495 -1.1901 -0.6267900000000001 -0.9808600000000001
-9.01987 -4.92715 -0.9227400000000001 -0.75938 -0.32009000000000004
-9.01821 -2.50228 -0.7708600000000001 -0.5478000000000001 -0.24431000000000003
-9.0 -3.61874 -1.60976 -0.6225900000000001 -0.46085000000000004
-8.98927 -3.84335 -1.5236100000000001 -0.84979 -0.17811000000000002
-8.96905 -1.69632 -3.38104 -0.52805 -0.058030000000000005
-8.95511 -2.54613 -4.82544 -0.58853 -0.08479
-8.92677 -3.19908 -6.12815 -2.19908 -0.254
-8.92423 -1.6682000000000001 -3.6062000000000003 -1.07807 -0.11366000000000001
-8.914860000000001 -2.01449 -4.6304300000000005 -1.09601 -0.0779
-8.90253 -4.39181 -2.88694 -1.19883 -0.7037
-8.90014 -3.46414 -3.49226 -1.01608 -0.51966
-8.89954 -6.18037 -1.57763 -0.83333 -0.33562000000000003
-8.89943 -4.70113 -0.8314400000000001 -0.39802000000000004 -0.6628900000000001
-8.8819 -1.34509 -3.20859 -0.59816 -0.05215
-8.87361 -4.35278 -4.55 -1.51389 -0.3125
-8.87046 -5.87362 -1.8941500000000002 -0.39652000000000004 -0.98894
-8.86506 -4.5136 -3.54079 -0.63444 -0.50453
-8.86054 -6.59864 -1.07993 -0.48129000000000005 -0.70408
-8.85338 -3.17182 -4.19931 -1.18328 -0.5990800000000001
-8.84483 -5.45 -1.26379 -0.9253100000000001 -0.33180000000000004
-8.83065 -1.37903 -5.05847 -0.66734 -0.06452000000000001
-8.82252 -5.12595 -1.3664100000000001 -0.66 -0.18
-8.81681 -5.02185 -0.8201700000000001 -0.51261 -0.87563
-8.80396 -6.4735700000000005 -0.8304 -0.7201866666666666 -0.61082
-8.73298 -6.0301 -1.14005 -0.9277633333333333 -0.34601000000000004
-8.72481 -2.6 -5.98496 -1.13534 -0.08120000000000001
-8.72267 -9.26822 -0.85121 -0.56174 -1.26923
-8.72222 -1.34641 -2.05392 -0.44608000000000003 -0.07026
-8.71724 -3.12241 -1.01379 -0.5155200000000001 -0.27586000000000005
-8.7126 -5.15748 -1.60039 -0.43307 -0.37992000000000004
-8.70968 -2.12581 -4.96774 -1.46774 -0.09355000000000001
-8.7066 -3.59413 -0.7848400000000001 -0.38875000000000004 -0.17848000000000003
-8.69815 -5.60986 -1.7843900000000001 -1.0969 -0.21318
-8.68813 -3.7334 -1.09557 -0.5513100000000001 -0.30282000000000003
-8.68685 -3.98023 -1.9144100000000002 -0.94804 -0.820365
-8.67598 -7.46633 -1.5501900000000002 -1.34477 -1.33791
-8.66667 -4.02805 -1.73102 -0.8564400000000001 -0.33168000000000003
-8.64755 -9.63744 -0.5801000000000001 -0.6037100000000001 -1.80944
-8.62846 -4.49802 -0.9960500000000001 -0.44071000000000005 -0.34387
-8.60594 -4.1781 -1.7574200000000002 -1.01126 -0.9273300000000001
-8.60578 -3.40944 -3.7656 -0.9756500000000001 -0.21613000000000002
-8.58681 -4.70023 -1.63542 -1.06134 -0.34491000000000005
-8.5819 -3.59565 -2.8132900000000003 -1.13288 -0.26575000000000004
-8.57447 -3.25076 -1.42249 -0.8328300000000001 -0.15653
-8.57158 -7.82863 -0.79937 -0.3511 -1.32393
-8.56338 -2.80047 -2.82864 -0.633885 -0.7500800000000001
-8.55874 -2.7554600000000002 -2.56148 -0.9166700000000001 -0.17623000000000003
-8.55556 -2.34222 -3.34667 -0.9048400000000001 -0.05484000000000001
-8.54902 -2.11961 -2.91765 -0.6451 -0.12745
-8.54676 -1.3482 -2.5453200000000002 -0.79568 -0.037410000000000006
-8.54658 -5.9057200000000005 -1.65769 -0.41414 -0.95174
-8.52747 -5.57771 -1.6373600000000001 -0.43171000000000004 -1.10832
-8.50457 -2.93419 -6.08775 -1.41865 -0.28336
-8.50181 -1.7021700000000002 -3.11733 -0.5162500000000001 -0.01805
-8.50151 -1.9969800000000002 -3.52115 -0.38671000000000005 -0.027190000000000002
-8.49545 -5.39709 -0.64117 -0.26594 -1.24044
-8.49244 -2.08816 -3.44332 -0.7090700000000001 -0.08942000000000001
-8.49093 -2.15688 -2.67449 -1.1953 -0.17609000000000002
-8.477970000000001 -5.49661 -0.65254 -0.18824000000000002 -0.29412000000000005
-8.47749 -3.17363 -0.82637 -0.53215 -0.6125400000000001
-8.46022 -4.15914 -1.17849 -0.64946 -0.22151
-8.45455 -1.41627 -3.19378 -0.8756 -0.05024000000000001
-8.45238 -5.03125 -0.9508900000000001 -0.7648800000000001 -0.39286000000000004
-8.43578 -1.8715600000000001 -1.77752 -0.7821100000000001 -0.07798000000000001
-8.41067 -3.29466 -3.37587 -0.82837 -0.128225
-8.40118 -3.40118 -1.59882 -0.87463 -0.17847000000000002
-8.38372 -6.2093 -1.87209 -0.7529100000000001 -0.45640000000000003
-8.37736 -3.9258800000000003 -2.1469 -1.17143 -0.46667000000000003
-8.3766 -4.6343700000000005 -0.5027400000000001 -0.64717 -1.24863
-8.37341 -3.81239 -1.54827 -0.7613800000000001 -0.49362000000000006
-8.36528 -1.6612900000000002 -5.54649 -0.9554100000000001 -0.14611000000000002
-8.36071 -6.44464 -1.44643 -0.6215950000000001 -0.266635
-8.34369 -4.89855 -1.01656 -0.28778000000000004 -0.38716
-8.32401 -2.06527 -2.95571 -1.05051 -0.07615000000000001
-8.32084 -3.11475 -1.07494 -0.7306800000000001 -0.13115000000000002
-8.31059 -3.09336 -0.7989200000000001 -0.66607 -0.41293
-8.29448 -3.04755 -3.8834400000000002 -0.9981300000000001 -0.22472000000000003
-8.29189 -7.26306 -1.41261 -0.45405000000000006 -1.10991
-8.28865 -1.7824900000000001 -1.39261 -0.5376200000000001 -0.14774
-8.28356 -1.7198 -4.15436 -0.9563800000000001 -0.0604
-8.27 -6.828 -0.654 -0.452 -1.3940000000000001
-8.26846 -8.36577 -1.35738 -0.615275 -0.9411700000000001
-8.26457 -4.55594 -1.75874 -0.7785500000000001 -0.48834000000000005
-8.25856 -6.02788 -1.39417 -0.56667 -0.49333000000000005
-8.24868 -2.01058 -2.02646 -0.8981500000000001 -0.1164
-8.24618 -2.73853 -4.33102 -1.85953 -0.11127000000000001
-8.24324 -3.41769 -2.10319 -0.7641300000000001 -0.21867000000000003
-8.2346 -8.17449 -1.5542500000000001 -0.6595700000000001 -1.21277
-8.21591 -7.23636 -0.6840900000000001 -0.41364 -0.21364000000000002
-8.21148 -2.91967 -2.8180300000000003 -1.79237 -0.20339000000000002
-8.20064 -4.89809 -0.72452 -0.5127400000000001 -0.39172
-8.18837 -3.38837 -1.25116 -0.8116300000000001 -0.69535
-8.18522 -1.8085300000000002 -4.9001 -0.78668 -0.15193
-8.16694 -4.60165 -0.8479300000000001 -0.5405 -0.83967
-8.15476 -4.88333 -1.22143 -0.6285700000000001 -0.14762
-8.15036 -1.52555 -1.71095 -0.43358 -0.06423000000000001
-8.14388 -5.3717 -0.33094 -0.39089 -1.7050400000000001
-8.14012 -2.52975 -1.86756 -1.18404 -0.08869
-8.13316 -5.89164 -1.1893 -0.56005 -0.5182800000000001
-8.13004 -5.62631 -0.9013500000000001 -0.46487000000000006 -1.21076
-8.12857 -1.87619 -3.79762 -1.82381 -0.22857000000000002
-8.12655 -3.36451 -1.33425 -1.41953 -0.41953
-8.11637 -3.57988 -1.74951 -0.90927 -0.17357
-8.11538 -6.33173 -0.6887 -0.6394200000000001 -2.54688
-8.11248 -3.99588 -1.08093 -0.2716 -0.26063000000000003
-8.08588 -2.65267 -3.70038 -0.46192500000000003 -0.5091450000000001
-8.08378 -6.6018 -1.08468 -0.6522500000000001 -0.7576600000000001
-8.0786 -2.50655 -2.17904 -0.5910500000000001 -0.42360500000000006
-8.04726 -1.46269 -2.57214 -0.52985 -0.08955
-8.03151 -1.4222700000000001 -3.4895 -0.7416 -0.08403000000000001
-8.02304 -4.15522 -5.69783 -0.61795 -0.28156000000000003
-8.01553 -6.16893 -0.83301 -0.4943000000000001 -0.47909
-8.00995 -5.90796 -0.801 -0.37065000000000003 -0.6766200000000001
-7.99805 -4.35019 -0.8891100000000001 -0.6945500000000001 -0.33658000000000005
-7.99275 -4.71014 -1.22222 -0.59179 -0.5458900000000001
-7.98202 -3.21279 -1.55944 -0.9730300000000001 -0.31668
-7.98174 -1.57306 -3.93379 -0.75114 -0.057080000000000006
-7.97693 -3.77748 -1.3541400000000001 -0.7286300000000001 -0.35685000000000006
-7.9708 -2.61557 -3.27007 -0.7223400000000001 -0.33737500000000004
-7.96605 -2.97377 -1.35802 -0.7160500000000001 -0.3179
-7.95795 -7.86563 -0.89397 -0.63163 -1.1608800000000001
-7.95758 -6.35347 -0.79949 -0.6054 -0.7352200000000001
-7.9413 -4.71053 -0.8987900000000001 -0.58704 -0.6619400000000001
-7.92487 -6.79086 -1.15635 -0.7522800000000001 -0.9868
-7.92271 -3.46492 -1.29013 -1.03924 -0.24138
-7.92015 -6.95946 -0.87838 -0.5110600000000001 -0.30221000000000003
-7.9130400000000005 -2.32428 -5.45833 -1.48732 -0.125
-7.90432 -4.03241 -3.23765 -0.75617 -0.06173000000000001
-7.90346 -6.19411 -0.8658500000000001 -0.2998 -1.55996
-7.88139 -2.83212 -1.7627700000000002 -0.92883 -0.25
-7.87445 -5.6696 -1.01762 -0.39207000000000003 -0.54185
-7.87432 -2.55009 -1.36066 -0.8032800000000001 -0.70674
-7.86623 -6.47807 -1.05044 -0.46053000000000005 -0.71272
-7.85806 -1.34624 -4.2043 -0.9548400000000001 -0.17419
-7.85749 -3.04668 -1.16216 -0.52334 -0.15971000000000002
-7.8566400000000005 -4.1451 -0.62238 -0.27622 -0.51224
-7.84861 -2.84263 -1.6494 -1.2390400000000001 -0.23904000000000003
-7.8260000000000005 -2.43786 -1.14914 -0.30000000000000004 -0.04211
-7.8187 -6.20038 -1.84924 -0.5122 -0.09756000000000001
-7.81288 -4.98313 -0.6089 -0.55828 -0.45552000000000004
-7.81191 -6.72023 -0.7032100000000001 -0.48771000000000003 -0.61531
-7.7828100000000004 -3.98765 -2.34389 -0.47391500000000003 -0.794365
-7.78189 -5.89279 -1.53789 -0.46012000000000003 -0.9734200000000001
-7.77934 -2.13615 -3.8885 -0.8626800000000001 -0.15728
-7.7542100000000005 -1.81742 -2.9522500000000003 -0.9003650000000001 -0.11846500000000001
-7.7467500000000005 -2.44372 -3.47619 -0.93805 -0.07965000000000001
-7.74104 -1.10359 -2.92629 -0.43825000000000003 -0.00996
-7.74058 -3.30435 -1.75652 -0.74346 -0.36601000000000006
-7.72642 -10.27763 -1.06199 -0.37559000000000003 -0.30047
-7.72112 -1.90239 -2.87649 -0.7749 -0.11155000000000001
-7.71529 -4.9833 -1.14148 -0.49209 -0.73814
-7.71429 -2.6074200000000003 -7.5658 -1.53993 -0.043870000000000006
-7.69403 -4.8209 -0.8631800000000001 -0.8159200000000001 -1.30597
-7.69074 -7.83521 -0.52483 -0.49323000000000006 -1.74492
-7.66667 -1.36717 -2.56176 -0.72758 -0.08629
-7.64879 -1.78544 -3.7433 -1.01413 -0.18375000000000002
-7.64268 -3.88834 -0.7990100000000001 -0.45409000000000005 -0.22581
-7.64235 -4.82353 -2.00706 -0.5750850000000001 -0.2232
-7.6421600000000005 -1.8627500000000001 -1.12255 -0.69608 -0.22059
-7.61548 -6.97543 -2.57002 -0.8525800000000001 -0.92015
-7.60417 -4.69907 -1.24537 -0.49537000000000003 -0.52315
-7.59518 -1.84977 -3.36468 -0.6467900000000001 -0.09748000000000001
-7.5932200000000005 -1.7641200000000001 -3.45198 -0.9336200000000001 -0.08475
-7.58179 -1.1973 -1.6054 -0.5362600000000001 -0.07251
-7.56587 -5.78144 -1.13623 -0.6197600000000001 -1.07934
-7.55172 -4.66734 -1.23935 -0.44625000000000004 -0.18256000000000003
-7.54491 -2.62874 -2.4012000000000002 -0.8423200000000001 -0.08184000000000001
-7.53803 -1.9814500000000002 -2.5454499999999998 -0.9573300000000001 -0.12059000000000002
-7.53028 -2.39061 -0.81335 -0.356 -0.5043300000000001
-7.5019 -2.1749 -0.98606 -0.51204 -0.14575000000000002
-7.48165 -5.27982 -0.5114700000000001 -0.29358 -1.01835
-7.48159 -6.07953 -0.9352 -0.5434500000000001 -0.32401
-7.47001 -1.70572 -1.55091 -0.65551 -0.08089
-7.46279 -3.71395 -0.8465100000000001 -0.7985300000000001 -0.08059000000000001
-7.45581 -2.22791 -2.30233 -0.7814 -0.26744
-7.44371 -2.47682 -4.33775 -1.8543 -0.35982000000000003
-7.43621 -4.37449 -1.4465 -0.5144000000000001 -0.15638000000000002
-7.43607 -2.95434 -1.44977 -0.61872 -0.1484
-7.4291 -1.3996300000000002 -2.21179 -0.4733 -0.11971000000000001
-7.42474 -8.86862 -2.20408 -0.7965 -1.01431
-7.41667 -1.5922 -3.47518 -0.7322700000000001 -0.13298000000000001
-7.41272 -3.54882 -4.30178 -0.752785 -0.19166500000000003
-7.4089 -3.13213 -1.40056 -0.7733 -0.25035
-7.40527 -7.09726 -0.82776 -0.33435000000000004 -1.41641
-7.40353 -3.2623 -2.68096 -1.15006 -0.20681000000000002
-7.40065 -7.30293 -1.17915 -0.8697100000000001 -0.6547200000000001
-7.39773 -1.61932 -1.72917 -0.6222200000000001 -0.07222
-7.39394 -2.61905 -2.04762 -0.6811 -0.19336
-7.35294 -5.86815 -2.15213 -0.9229200000000001 -1.53753
-7.3512 -4.41467 -0.62482 -0.26093 -0.40339
-7.34243 -2.05459 -2.48883 -0.53968 -0.3254
-7.33589 -13.12184 -1.75631 -0.67069 -0.5828800000000001
-7.33259 -2.72098 -3.76786 -1.93973 -0.27232
-7.32785 -2.44856 -6.14678 -1.68587 -0.11934000000000002
-7.30947 -7.54526 -0.60421 -0.42947 -0.63368
-7.29004 -4.37662 -0.9090900000000001 -0.45238000000000006 -0.2381
-7.2885100000000005 -2.82152 -1.19438 -0.5036700000000001 -0.30929
-7.28382 -6.24412 -0.56618 -0.7058800000000001 -0.86765
-7.27717 -2.63949 -0.80254 -0.44565000000000005 -0.18841000000000002
-7.26156 -1.87186 -3.95905 -1.17173 -0.10436000000000001
-7.2614 -7.58421 -0.9271900000000001 -0.92105 -0.6359600000000001
-7.23797 -2.75134 -2.75134 -0.9719300000000001 -0.27406
-7.2378 -9.04724 -3.16063 -0.36184000000000005 -0.45395
-7.23088 -6.48235 -0.5676500000000001 -0.32941000000000004 -0.8867600000000001
-7.23 -2.33 -1.4125 -0.6950000000000001 -0.1075
-7.2134 -4.92769 -1.47443 -0.4903 -0.96825
-7.21087 -2.47117 -2.32619 -0.527945 -0.54649
-7.2086 -2.76989 -1.46022 -0.56559 -0.12473000000000001
-7.20207 -1.17358 -3.57254 -0.66969 -0.056990000000000006
-7.1966 -2.2233 -1.6444200000000002 -0.5133500000000001 -0.16262000000000001
-7.18976 -7.61423 -1.75406 -0.5039633333333334 -0.9182899999999999
-7.18374 -2.47359 -2.7187 -0.4945766666666667 -1.67396
-7.1716 -5.67407 -0.5740700000000001 -0.48519000000000007 -2.42963
-7.16805 -3.5261 -3.22199 -0.44954000000000005 -2.0964366666666665
-7.15496 -4.28571 -1.15738 -0.41389000000000004 -1.7632433333333335
-7.14508 -6.98446 -1.24698 -0.37824 -1.43005
-7.14318 -2.6845600000000003 -3.57942 -1.3042500000000001 -0.28635000000000005
-7.12206 -5.9719999999999995 -1.23516 -0.71669 -0.34826
-7.11038 -2.117 -1.08168 -0.47682 -0.06623000000000001
-7.09398 -5.18916 -0.90602 -0.64337 -0.7144600000000001
-7.08994 -2.5182 -2.17773 -0.6509600000000001 -0.22698000000000002
-7.05945 -4.21868 -0.8662400000000001 -0.6518 -0.30573
-7.05023 -6.46347 -0.8538800000000001 -0.5525100000000001 -0.97945
-7.03247 -5.45671 -1.17749 -0.9437200000000001 -0.5779200000000001
-7.02301 -3.11327 -1.49381 -0.38230000000000003 -0.19646000000000002
-7.02236 -4.03049 -0.58333 -0.43902 -0.5
-7.02181 -2.7808100000000002 -1.29226 -0.41876 -0.31843000000000005
-7.01376 -3.02064 -0.9724800000000001 -0.45872 -0.54817
-6.9893 -4.48663 -1.2246000000000001 -0.60294 -1.31417
-6.98214 -4.00223 -0.6674100000000001 -0.5245500000000001 -0.6674100000000001
-6.96929 -4.75971 -2.11653 -1.04607 -0.9349600000000001
-6.96928 -2.35154 -2.49317 -0.61433 -0.17918
-6.96449 -7.44112 -1.3009300000000001 -0.5607500000000001 -0.30093000000000003
-6.96416 -1.7576800000000001 -3.1587 -0.93515 -0.10068
-6.96016 -1.3241800000000001 -2.19918 -0.63599 -0.10302000000000001
-6.94987 -6.22829 -0.96867 -0.5667 -0.9015200000000001
-6.94274 -3.3754 -4.1548300000000005 -0.79215 -0.26723
-6.92475 -1.36622 -3.28094 -0.73411 -0.03177
-6.9213000000000005 -2.32562 -4.50617 -1.79012 -0.14969000000000002
-6.9185300000000005 -4.7943 -0.9918500000000001 -0.43381000000000003 -0.73931
-6.89899 -3.41212 -1.1899 -0.6545500000000001 -0.21414000000000002
-6.87304 -2.22957 -1.64696 -0.6243500000000001 -0.08696000000000001
-6.86752 -1.9594 -4.68803 -1.17094 -0.13034
-6.85798 -1.14397 -2.86965 -0.6614800000000001 -0.042800000000000005
-6.85767 -2.4177400000000002 -4.86691 -0.90573 -0.09982
-6.84515 -2.53073 -5.01773 -1.15248 -0.12411000000000001
-6.8311 -5.52413 -0.70777 -0.41957000000000005 -0.58311
-6.82536 -3.97297 -0.90644 -0.45946000000000004 -0.8607100000000001
-6.82312 -5.19638 -1.21448 -0.5348200000000001 -1.10585
-6.80518 -5.10851 -1.03083 -0.40691000000000005 -1.1516600000000001
-6.79059 -4.01973 -0.9514400000000001 -0.37178000000000005 -0.32777
-6.7896 -3.32921 -1.07673 -0.9257400000000001 -0.24752000000000002
-6.78676 -5.97426 -0.5416700000000001 -0.39216 -1.35907
-6.78184 -4.9836100000000005 -0.9167700000000001 -0.77175 -0.5485500000000001
-6.77193 -4.85307 -0.6381600000000001 -0.44518 -0.20614000000000002
-6.75708 -5.07783 -0.8231100000000001 -0.74528 -0.29953
-6.7533 -4.38473 -0.9045500000000001 -0.44787000000000005 -1.10132
-6.73131 -4.2243 -0.4229 -0.48364 -0.21262000000000003
-6.72911 -3.19747 -1.1443 -0.6649700000000001 -0.05584000000000001
-6.7261500000000005 -4.28005 -1.11276 -0.61894 -0.43833000000000005
-6.72436 -2.55288 -3.35096 -0.7740400000000001 -0.38942000000000004
-6.69526 -3.7042900000000003 -0.80813 -0.6365700000000001 -0.63883
-6.69514 -5.20771 -1.23786 -0.56688 -0.42038000000000003
-6.6863 -9.20159 -1.06569 -0.7916200000000001 -0.5175500000000001
-6.67583 -1.65815 -0.81925 -0.35363000000000006 -0.049120000000000004
-6.66726 -2.46263 -0.74733 -0.5231300000000001 -0.15658000000000002
-6.66259 -5.94377 -1.79462 -0.5266766666666668 -0.31086666666666674
-6.65721 -4.60993 -1.30024 -0.5302233333333334 -0.4651533333333334
-6.64745 -5.49094 -0.9126900000000001 -0.5337700000000001 -0.6194400000000001
-6.64165 -4.16465 -0.7748200000000001 -0.6029100000000001 -0.25666
-6.62566 -1.69596 -3.0949 -0.5096700000000001 -0.04569
-6.6086 -6.29171 -0.95908 -0.36831 -1.5456500000000002
-6.60078 -5.04134 -1.44832 -1.05556 -0.33333
-6.58447 -1.6347 -2.74886 -0.39117 -0.030440000000000002
-6.58433 -6.37649 -0.8075 -1.05281 -0.21806000000000003
-6.57597 -2.81449 -3.00353 -0.769325 -0.17439000000000002
-6.5642700000000005 -1.8801700000000001 -0.6819200000000001 -0.48584000000000005 -0.13072
-6.54918 -4.46721 -0.68525 -0.42295000000000005 -0.34262000000000004
-6.51399 -4.81296 -0.55081 -0.36966000000000004 -0.29455000000000003
-6.5125 -3.16 -1.4925000000000002 -0.7275 -0.9375
-6.51155 -2.25083 -4.43894 -0.7772300000000001 -0.059410000000000004
-6.50891 -1.6844800000000002 -3.49618 -0.6870200000000001 -0.1056
-6.50805 -2.08736 -3.96092 -0.67471 -0.07241
-6.49184 -3.50408 -0.7959200000000001 -0.36939000000000005 -0.6816300000000001
-6.45596 -1.4076 -2.7858400000000003 -0.6062200000000001 -0.05527000000000001
-6.43607 -3.33333 -0.8835600000000001 -0.39498000000000005 -0.47945000000000004
-6.42697 -7.53483 -1.11011 -0.53659 -0.5853700000000001
-6.38829 -2.21475 -1.82213 -0.62473 -0.22993000000000002
-6.38652 -4.38652 -1.2074500000000001 -0.33865 -1.23404
-6.38146 -2.56231 -4.72796 -1.5076 -0.12614
-6.37708 -6.01458 -0.5687500000000001 -0.38125000000000003 -0.31042000000000003
-6.37016 -2.26082 -4.40888 -0.99431 -0.20046000000000003
-6.36287 -3.56751 -1.36498 -0.57806 -0.29325
-6.36273 -1.4048100000000001 -1.97595 -0.501 -0.05611000000000001
-6.35334 -1.94168 -0.8730700000000001 -0.5180100000000001 -0.1801
-6.34942 -1.7316600000000002 -1.30695 -0.36486 -0.14479
-6.34426 -2.7079 -1.29061 -0.63934 -0.10134000000000001
-6.34281 -2.39076 -1.3978700000000002 -0.7619900000000001 -0.22913000000000003
-6.32456 -2.84211 -1.19298 -0.55044 -0.30044000000000004
-6.31295 -2.70888 -3.8850100000000003 -1.5793300000000001 -0.09316
-6.30989 -1.9981 -2.8174900000000003 -0.8802300000000001 -0.14449
-6.2952 -4.49815 -0.9077500000000001 -0.84133 -0.37454000000000004
-6.2926400000000005 -7.03682 -0.9050400000000001 -0.6414700000000001 -1.12403
-6.28233 -1.35155 -3.09472 -1.04554 -0.036430000000000004
-6.27183 -2.83929 -0.99206 -0.49008 -0.19643000000000002
-6.26508 -2.61587 -4.03016 -1.23175 -0.20317000000000002
-6.24299 -3.84112 -0.8424600000000001 -0.34045000000000003 -0.66622
-6.22683 -1.36098 -3.40732 -0.8656100000000001 -0.07115
-6.20498 -4.33968 -0.38946000000000003 -0.38214000000000004 -0.47145000000000004
-6.17613 -5.57339 -0.6908000000000001 -0.41579000000000005 -0.9459299999999999
-6.16948 -7.17509 -1.26124 -0.44944000000000006 -1.42041
-6.15636 -4.01091 -1.35818 -0.40182 -0.20182000000000003
-6.15375 -4.14637 -0.84133 -0.59902 -0.36039000000000004
-6.13462 -2.61058 -2.51442 -0.93798 -0.10853000000000002
-6.07706 -6.77758 -1.0 -0.65385 -0.29487
-6.07292 -3.89375 -2.0625 -0.8916700000000001 -0.59167
-6.07168 -5.12186 -0.6236600000000001 -0.5017900000000001 -0.8518500000000001
-6.05956 -2.78121 -1.24742 -0.8155800000000001 -0.38488000000000006
-6.05143 -5.31429 -1.05486 -0.50743 -0.53371
-6.04085 -3.3268 -1.03758 -0.35131 -0.13889
-6.04078 -3.7398100000000003 -0.72233 -0.6873800000000001 -0.5184500000000001
-6.01221 -4.76391 -0.5753100000000001 -0.45047000000000004 -1.49118
-6.01068 -4.21154 -0.86538 -0.44017000000000006 -1.30983
-6.00873 -3.50218 -0.8668100000000001 -0.36463 -0.30568
-6.0041 -3.875 -0.8463100000000001 -0.42828000000000005 -0.60041
-5.98157 -4.09677 -1.8778800000000002 -0.8364100000000001 -0.7580600000000001
-5.97473 -1.16484 -1.82198 -0.52308 -0.050550000000000005
-5.96512 -4.45354 -1.66085 -0.47182500000000005 -1.7761300000000002
-5.96114 -7.93029 -0.96 -0.42057000000000005 -3.50171
-5.9459800000000005 -4.04774 -6.14698 -1.9397000000000002 -0.44724
-5.9438 -3.0951 -0.79107 -0.32853000000000004 -0.31124
-5.93541 -1.63636 -2.9569400000000003 -0.7488 -0.03828
-5.875 -2.8490900000000003 -1.08841 -0.46799 -0.7667700000000001
-5.85294 -3.84706 -1.48529 -1.06765 -0.45
-5.84848 -2.99369 -0.6969700000000001 -0.35985 -0.26894
-5.84828 -4.51494 -1.3908 -1.11494 -0.26897000000000004
-5.83073 -6.34139 -1.4765300000000001 -0.7909 -0.7254600000000001
-5.82993 -1.9673500000000002 -2.95782 -0.5493 -0.19249000000000002
-5.80901 -2.8354 -1.7577600000000002 -0.43789000000000006 -0.42236
-5.79801 -4.68458 -0.37313 -0.42985 -0.63582
-5.77482 -3.8936200000000003 -0.72518 -0.31738000000000005 -0.5425500000000001
-5.76812 -2.85027 -1.30193 -0.3558950000000001 -0.6482000000000001
-5.76224 -3.9021 -0.67832 -0.39441000000000004 -0.75385
-5.74816 -9.63419 -1.32077 -1.25827 -1.96415
-5.743 -1.84287 -2.17296 -0.8794200000000001 -0.13520000000000001
-5.7422 -4.9055 -0.39266 -0.29908 -1.28716
-5.72372 -4.71149 -0.3643 -0.31296 -1.04401
-5.6476 -6.13501 -0.54005 -0.28375 -0.16018000000000002
-5.63269 -4.16828 -0.43042 -0.37217000000000006 -0.79288
-5.62973 -1.91892 -1.8594600000000001 -0.80676 -0.16486
-5.62806 -7.11136 -1.4721600000000001 -0.8040100000000001 -0.55234
-5.6127 -3.13492 -0.8619 -0.69206 -0.36508
-5.59208 -4.7901 -0.38218 -0.38416000000000006 -0.8079200000000001
-5.59059 -7.44235 -0.6211800000000001 -0.37647 -0.7670600000000001
-5.5889 -1.7124800000000002 -2.86759 -0.6948300000000001 -0.11602000000000001
-5.55283 -3.48403 -1.50123 -0.55283 -0.23096000000000003
-5.50185 -1.9148100000000001 -1.29074 -0.5981500000000001 -0.05926000000000001
-5.49884 -1.82367 -1.16009 -0.5986100000000001 -0.12297000000000001
-5.49169 -2.64846 -0.59857 -0.32067 -0.31829
-5.48239 -3.7781700000000003 -0.5950700000000001 -0.13287000000000002 -0.0979
-5.47921 -1.60832 -1.9277900000000001 -0.69803 -0.17287000000000002
-5.47135 -5.31238 -0.45102000000000003 -0.53974 -1.26617
-5.46555 -5.11273 -0.7661800000000001 -0.49469 -1.352065
-5.4525500000000005 -5.05693 -0.48613000000000006 -0.44964000000000004 -1.43796
-5.44254 -3.94132 -2.08068 -0.51834 -0.46455
-5.44177 -2.65804 -1.5637699999999999 -0.7911300000000001 -0.10906
-5.43764 -4.85449 -1.57659 -0.9354500000000001 -1.30525
-5.42296 -1.8716 -0.5317200000000001 -0.33233 -0.31420000000000003
-5.4115400000000005 -3.75408 -0.61606 -0.41405000000000003 -0.24467000000000003
-5.40571 -5.8391 -0.57093 -0.44291 -2.19896
-5.40488 -5.22927 -0.7487800000000001 -0.38919000000000004 -1.677585
-5.39181 -5.80154 -1.03841 -0.33547000000000005 -1.15621
-5.39028 -4.60972 -0.9776600000000001 -0.45861 -0.9395500000000001
-5.37092 -4.70623 -1.00593 -0.50593 -0.53561
-5.36758 -1.7335500000000001 -0.8475100000000001 -0.41894000000000003 -0.23114
-5.34317 -3.61993 -1.10886 -0.6369600000000001 -0.28696000000000005
-5.3413 -5.17747 -1.56997 -0.26482 -0.35968000000000006
-5.33933 -4.69438 -0.5662900000000001 -0.30112 -0.71011
-5.3354800000000004 -3.63441 -0.5612900000000001 -0.50968 -0.43871000000000004
-5.33494 -2.42892 -0.74458 -0.30602 -0.17831000000000002
-5.31707 -1.98862 -0.86992 -0.30244000000000004 -0.1935
-5.31608 -3.14233 -4.39372 -0.6567200000000001 -0.04478
-5.27799 -4.50579 -1.36486 -0.5907300000000001 -0.41506000000000004
-5.26492 -3.26492 -0.55022 -0.24309000000000003 -0.19796000000000002
-5.24063 -5.36875 -0.33281000000000005 -0.3875 -0.8343800000000001
-5.23068 -5.6375 -1.05795 -0.86477 -0.5181800000000001
-5.21833 -1.83 -1.91167 -1.56667 -0.30333000000000004
-5.15346 -2.62057 -1.12985 -0.6408100000000001 -0.29174
-5.13306 -1.2943500000000001 -3.5625 -0.7096800000000001 -0.08669
-5.13242 -4.33105 -0.48174000000000006 -0.5251100000000001 -0.72374
-5.12735 -4.69973 -0.5777500000000001 -0.52681 -0.5643400000000001
-5.12353 -3.91765 -1.16471 -0.6529400000000001 -0.53137
-5.10562 -1.95056 -2.77079 -0.72135 -0.0427
-5.08958 -5.52083 -2.325 -0.8395800000000001 -0.5166700000000001
-5.06848 -4.40181 -1.6425 -1.32528 -0.25378
-5.06352 -3.90381 -0.77314 -0.08197 -0.08197
-5.04912 -2.79474 -1.2614 -0.79649 -0.19474000000000002
-5.03566 -4.14263 -0.69206 -0.49757000000000007 -0.28039000000000003
-5.01208 -5.27295 -1.20531 -0.45086000000000004 -0.27518000000000004
-5.0 -4.41214 -0.67732 -0.40415 -0.26997000000000004
-4.93053 -3.72698 -0.7964500000000001 -0.72052 -0.37318
-4.92504 -3.1770300000000002 -1.35088 -0.64434 -0.5917100000000001
-4.9153400000000005 -1.76367 -0.9118200000000001 -0.47972000000000004 -0.17284000000000002
-4.9097100000000005 -3.33049 -0.58433 -0.34072 -0.35605000000000003
-4.90445 -6.86911 -0.9201600000000001 -0.66361 -0.40314000000000005
-4.89464 -4.20148 -0.44917 -0.40665 -1.41774
-4.88285 -2.83054 -0.47699 -0.27197000000000005 -0.46025000000000005
-4.87794 -1.00735 -2.36471 -0.7058800000000001 -0.044120000000000006
-4.83523 -4.13575 -0.64456 -0.27047000000000004 -0.29534000000000005
-4.83296 -6.51217 -1.02765 -0.53774 -2.45519
-4.82986 -2.08989 -3.79294 -0.96469 -0.18459
-4.80611 -1.7908400000000002 -2.16794 -1.10229 -0.23817000000000002
-4.79673 -4.55935 -2.00136 -0.35564 -0.34799
-4.79557 -4.2385 -0.5775100000000001 -0.6644 -0.51278
-4.77424 -4.07472 -1.26868 -0.69157 -0.51351
-4.77234 -1.76809 -2.54043 -0.6425500000000001 -0.12340000000000001
-4.76027 -3.74429 -0.71233 -0.63927 -0.6986300000000001
-4.74653 -2.72277 -1.8099 -0.8752500000000001 -0.055450000000000006
-4.73203 -1.28105 -0.28758 -0.19826000000000002 -0.08279
-4.73026 -4.6727 -0.47368000000000005 -0.42105000000000004 -0.875
-4.72222 -4.94697 -0.75126 -0.28535000000000005 -0.6654
-4.69681 -2.8156 -2.3351100000000002 -0.55496 -0.18085
-4.67742 -4.41366 -0.37192000000000003 -0.4592 -0.8500900000000001
-4.67019 -3.7145900000000003 -1.30655 -0.38266000000000006 -1.2537
-4.65539 -3.8816100000000002 -0.47992 -0.40803000000000006 -0.49471000000000004
-4.6455 -5.4828 -0.5859800000000001 -0.25 -1.71032
-4.62281 -2.30263 -1.01974 -0.64693 -0.15132
-4.60792 -4.2495 -0.9089100000000001 -0.7505000000000001 -0.80198
-4.58472 -2.98333 -0.61111 -0.31389 -0.34444
-4.56794 -1.23519 -2.91638 -0.8832800000000001 -0.06446
-4.5425 -3.16 -0.1975 -0.12250000000000001 -1.055
-4.51503 -1.3106200000000001 -2.0801600000000002 -0.40481000000000006 -0.03808
-4.4898 -4.91837 -1.00128 -0.6913300000000001 -1.00893
-4.47676 -1.5667200000000001 -1.2054 -0.49925 -0.09895000000000001
-4.46263 -1.32474 -2.47294 -0.5193300000000001 -0.01933
-4.45376 -4.64301 -0.44516000000000006 -0.26237000000000005 -0.5914
-4.3913 -4.64625 -0.43478000000000006 -0.59091 -0.6956500000000001
-4.38418 -3.24859 -0.9679800000000001 -0.34840000000000004 -0.37665000000000004
-4.35593 -3.60805 -0.56144 -0.43856000000000006 -0.64831
-4.27055 -3.31336 -0.83562 -0.45719000000000004 -0.35959
-4.19764 -3.2652 -1.00676 -0.43412000000000006 -0.22128
-4.18304 -2.73884 -0.72545 -0.40625000000000006 -0.19196000000000002
-4.11006 -6.09231 -0.45799000000000006 -0.5574 -1.28639
-4.08686 -3.15813 -0.46993 -0.18708000000000002 -0.3118
-4.07776 -4.72169 -0.4693 -0.36016000000000004 -1.62756
-4.06769 -2.06769 -0.94105 -0.5742400000000001 -0.28166
-4.06551 -7.12608 -0.56613 -0.6996300000000001 -0.14215
-4.03111 -3.42 -0.5266700000000001 -0.32889 -0.36889000000000005
-4.02306 -3.16981 -1.36897 -0.91405 -0.12369000000000001
-3.98952 -1.05241 -2.09434 -0.37945 -0.04193
-3.98271 -3.37464 -0.7204600000000001 -0.32853000000000004 -0.44524
-3.91986 -6.15914 -0.42325 -0.37698000000000004 -1.15914
-3.88835 -2.43689 -0.7063100000000001 -0.39806 -0.18447000000000002
-3.87331 -6.19088 -0.43243000000000004 -0.2652 -1.41216
-3.8689 -2.57774 -0.5350600000000001 -0.14329 -0.29573000000000005
-3.86531 -2.9132800000000003 -0.7730600000000001 -0.25461 -0.18081000000000003
-3.8107 -2.93827 -0.7716000000000001 -0.5720200000000001 -0.34979000000000005
-3.78475 -3.34753 -0.55605 -0.34305 -0.38565000000000005
-3.7754700000000003 -1.22075 -1.77736 -0.7792500000000001 -0.10377000000000002
-3.77039 -1.53776 -2.26737 -0.50604 -0.03776
-3.74224 -5.03571 -1.21273 -0.74224 -0.36801
-3.69305 -2.20077 -0.29151000000000005 -0.18147000000000002 -0.52317
-3.65678 -3.47034 -0.5508500000000001 -0.48305000000000003 -0.54025
-3.65421 -3.60047 -0.44393000000000005 -0.35514 -0.7149500000000001
-3.60794 -2.90074 -0.35484000000000004 -0.45161 -0.6997500000000001
-3.56599 -3.68163 -0.8517 -0.50068 -0.48844000000000004
-3.55124 -4.17702 -0.7142900000000001 -0.50932 -0.41304
-3.33537 -1.13211 -1.01829 -0.46748000000000006 -0.07724
-3.3125 -1.75833 -0.77778 -0.43611000000000005 -0.2
-3.22069 -5.01931 -0.83862 -0.36 -1.69103
-3.06538 -1.9884600000000001 -0.8384600000000001 -0.30192 -0.23269
-2.8494800000000002 -2.22664 -0.49135000000000006 -0.27509 -0.26471
-2.73141 -2.3093500000000002 -0.5491600000000001 -0.32614000000000004 -0.3693
-2.68704 -3.33148 -0.7259300000000001 -0.47407000000000005 -0.09444000000000001
-2.67332 -3.0997500000000002 -0.26185 -0.33915 -1.7231900000000002
-2.6015800000000002 -2.09073 -0.49310000000000004 -0.6410300000000001 -0.27219000000000004
-2.5625 -4.24199 -0.27404 -0.20192000000000002 -3.34295
-2.525 -3.8338200000000002 -0.5073500000000001 -0.25147 -0.60882
-2.51515 -4.48072 -0.8581300000000001 -0.60882 -1.5619800000000001
-2.20594 -2.8067900000000003 -0.20382000000000003 -0.26539 -1.11465
-2.15232 -2.55408 -0.39956 -0.25607 -0.22517
-2.13924 -2.14768 -0.39241000000000004 -0.17300000000000001 -0.28903
-1.97171 -3.69218 -0.44925000000000004 -0.37770000000000004 -1.04825
-1.72947 -3.94203 -0.6038600000000001 -0.48068000000000005 -0.46618000000000004
